           1

  -5.7438099288317588     
  -4.6841592025380914     
  -4.6841592025380763     
  -3.7104053523064664     
  -3.7104053523064509     
  -3.6998282875928661     
  -3.6998282875928457     
  -3.3985124061567031     
  -3.3985124061566965     
  -3.3535223458094512     
  -3.3535223458094503     
  -3.3535223458094445     
  -3.3535223458094405     
  -3.3379888701117952     
  -3.3379888701117748     
  -2.4952028362889136     
  -2.4952028362889123     
  -2.4952028362889105     
  -2.4952028362889034     
  -2.4351083925631216     
  -2.4351083925631167     
  -2.4351083925631110     
  -2.4351083925631078     
  -2.3351838653715382     
  -2.3351838653715355     
  -2.0000000000000075     
  -2.0000000000000000     
  -2.0000000000000000     
  -1.9984078521015909     
  -1.9984078521015867     
  -1.6180339887498951     
  -1.6180339887498945     
  -1.6180339887498940     
  -1.6180339887498867     
  -1.4692363712201364     
  -1.4692363712201302     
  -1.3718144748732810     
  -1.3718144748732741     
  -1.3027756377319966     
  -1.3027756377319946     
  -1.2725588530608620     
  -1.2725588530608574     
  -1.2458102432882692     
  -1.1396745236420371     
  -1.1396745236420298     
  -1.1208931592969751     
  -1.1208931592969720     
  -1.1149075414767602     
  -1.1149075414767569     
  -1.1149075414767549     
  -1.1149075414767466     
  -1.0071957616873839     
  -1.0071957616873808     
  -1.0057565091428342     
  -1.0057565091428320     
  -1.0057565091428278     
  -1.0057565091428224     
 -0.92023886697680202     
 -0.90378447330233624     
 -0.90378447330233136     
 -0.90378447330232625     
 -0.90378447330232226     
 -0.88158275300547728     
 -0.87808891651667753     
 -0.87808891651667165     
 -0.87808891651667142     
 -0.87808891651666432     
 -0.78407683584996024     
 -0.78407683584995913     
 -0.78407683584995747     
 -0.78407683584995280     
 -0.61803398874989679     
 -0.61803398874989490     
 -0.61803398874989479     
 -0.61803398874989479     
 -0.61803398874989390     
 -0.61803398874989379     
 -0.15061883662670444     
 -0.15061883662670369     
  -8.9073985956131349E-002
  -8.9073985956125437E-002
   2.7815139178789354E-015
   4.6793972612505125E-015
   6.2702585254890850E-002
   6.2702585254893042E-002
  0.15434257407084076     
  0.15434257407084134     
  0.22106057348422306     
  0.22106057348422381     
  0.28159960376050946     
  0.28159960376051296     
  0.28159960376051490     
  0.28159960376051574     
  0.36197630128958880     
  0.36197630128959113     
  0.38196601125010565     
  0.38196601125010782     
  0.39584303416378841     
  0.39584303416379063     
  0.39584303416379402     
  0.39584303416379624     
  0.42879337603532147     
  0.42879337603532458     
  0.60508200683986757     
  0.60508200683987334     
  0.61803398874988624     
  0.61803398874989757     
  0.61803398874989901     
  0.61803398874990079     
  0.87171808801891704     
  0.87171808801892137     
  0.93976839994125250     
  0.93976839994125538     
   1.2405780903560126     
   1.2405780903560195     
   1.2467583233451087     
   1.2467583233451092     
   1.2467583233451109     
   1.2467583233451138     
   1.2541016883650511     
   1.2541016883650535     
   1.2541016883650573     
   1.2541016883650609     
   1.2773372751911209     
   1.2773372751911272     
   1.3649111228868929     
   1.3860182923415236     
   1.3860182923415243     
   1.3860182923415270     
   1.3860182923415338     
   1.4470995893425562     
   1.4470995893425576     
   1.4470995893425593     
   1.4470995893425667     
   1.4909031491483400     
   1.4909031491483411     
   1.4909031491483438     
   1.4909031491483464     
   1.5887490844094645     
   1.5887490844094687     
   1.6180339887498925     
   1.6180339887498938     
   1.6180339887498945     
   1.6180339887498949     
   1.6180339887498949     
   1.6180339887498965     
   1.6993561633752399     
   1.9999999999999949     
   2.0000000000000080     
   2.2405202824477191     
   2.2405202824477293     
   2.3027756377319921     
   2.3027756377319952     
   2.3927740515208002     
   2.3927740515208016     
   2.4601227306851627     
   2.4601227306851663     
   2.4744160458206408     
   2.4744160458206426     
   2.6180339887498878     
   2.6180339887498967     
   2.6317369098284744     
   2.6317369098284757     
   2.6317369098284771     
   2.6317369098284802     
   2.6773518430522163     
   2.6773518430522221     
   2.6773518430522247     
   2.6773518430522296     
   2.7858474602076782     
   2.7858474602076795     
   2.8347780391647901     
   2.8347780391647937     
   2.8608058531116947     
   2.8608058531117018     
   2.8608058531117035     
   2.8608058531117040     
   2.8665762780888318     
   2.8665762780888375     
   2.8826198399909280     
   2.8826198399909337     
   3.4969433181344809     
   3.4969433181344822     
   3.4969433181344831     
   3.4969433181344916     
   3.5049982556731614     
   3.6222547803663083     
   3.6222547803663159     
   3.6894127737119695     
   3.6894127737119748     
   4.0231711544937401     
   4.0231711544937490     
   4.0926974342092350     
   4.0926974342092413     
   4.5464494519976295     
   4.5464494519976366     
   4.8933807811203147     
   4.8933807811203263     
   4.8933807811203280     
   4.8933807811203387     
   4.9079054652358929     
   4.9079054652358938     
   4.9079054652359089     
   4.9079054652359115     
   4.9784908922463549     
   4.9784908922463558     
   5.8808991204013603     
   6.1433122326991461     
   6.1433122326991612     
   6.3412771297656434     
