          15
          23
          27
          29
          30
           7
          11
          13
          14
          19
          21
          22
          25
          26
          28
           7
          11
          13
          14
          19
          21
          22
          25
          26
          28
           3
           5
           6
           9
          10
          12
          17
          18
          20
          24
           7
          11
          13
          14
          19
          21
          22
          25
          26
          28
           3
           5
           6
           9
          10
          12
          17
          18
          20
          24
           3
           5
           6
           9
          10
          12
          17
          18
          20
          24
           1
           2
           4
           8
          16
           7
          11
          13
          14
          19
          21
          22
          25
          26
          28
           3
           5
           6
           9
          10
          12
          17
          18
          20
          24
           3
           5
           6
           9
          10
          12
          17
          18
          20
          24
           1
           2
           4
           8
          16
           3
           5
           6
           9
          10
          12
          17
          18
          20
          24
           1
           2
           4
           8
          16
           1
           2
           4
           8
          16
           0
           7
          11
          13
          14
          19
          21
          22
          25
          26
          28
           3
           5
           6
           9
          10
          12
          17
          18
          20
          24
           3
           5
           6
           9
          10
          12
          17
          18
          20
          24
           1
           2
           4
           8
          16
           3
           5
           6
           9
          10
          12
          17
          18
          20
          24
           1
           2
           4
           8
          16
           1
           2
           4
           8
          16
           0
           3
           5
           6
           9
          10
          12
          17
          18
          20
          24
           1
           2
           4
           8
          16
           1
           2
           4
           8
          16
           0
           1
           2
           4
           8
          16
           0
           0
